1
0000000000000000000
0000000000000020000
0022212202220200000
0001000000002001000
0000100000000000000
0000010000200001000
0000001000000001000
1000000100000001000
0000000000000000000
0000000000000000000
0000000000000000000
0000000000000000000
0000000000000000000
0000000000000000000
0000000000000000000
0000000000000000000
0000000000000000000
0000000000000000000
0000000000000000000
0000000000000000000
0000000000000000000
0000000000000000000
0000000000000000000
0000000000000000000
0000000000000000000
0000000000000000000
0000000000000000000
0000000000000000000
0000011110000000000
0000010000000000000
0000010000000000000
0000010000000000000
0000010000200000000
0000000000020000000
0000000000002000000
0000000000000200000
0000000000000000000
0000000000000000000
0000000000000000000